fx: 524
fy: 524
px(cx): 316.7
py(cy): 238.5
